1 2757 
3178 
2782 
2983 
3186 
2 2757 
3178 
2782 
2212 
2983 
3 2757 
3178 
2782 
2983 
2212 
4 2757 
3178 
2782 
2983 
3186 
5 2757 
3178 
2782 
3186 
2983 
6 2757 
3178 
2782 
2983 
3186 
7 2757 
3178 
2782 
2983 
2212 
8 2757 
3178 
2782 
3186 
2983 
9 2757 
3178 
2782 
2983 
3186 
10 2757 
3178 
2782 
2983 
2212 
11 2757 
3178 
2782 
2983 
2212 
12 2757 
3178 
2782 
2983 
3186 
13 2757 
3178 
3186 
2782 
2983 
14 2757 
3178 
2782 
2983 
3186 
15 2757 
3178 
3186 
2983 
2782 
16 2757 
3178 
2782 
2983 
3186 
17 2757 
3178 
2782 
2983 
3186 
18 2757 
3178 
2782 
2212 
2983 
19 2757 
3178 
2782 
2212 
2983 
20 2757 
3178 
2782 
2983 
2212 
21 2757 
3178 
2782 
2983 
2212 
22 2757 
3178 
2782 
2983 
3186 
23 2757 
3178 
2782 
2983 
3186 
24 2757 
3178 
2782 
3186 
2983 
25 2757 
3178 
2782 
2983 
3186 
26 2757 
3178 
2782 
2983 
3186 
27 2757 
3178 
2782 
2983 
3186 
28 2757 
3178 
2782 
2983 
2212 
29 2757 
3178 
2782 
2212 
2983 
30 2757 
3178 
2782 
2983 
3186 
31 2757 
3178 
2782 
2983 
3186 
32 2757 
3178 
2782 
2983 
3186 
33 2757 
3178 
2782 
2983 
2212 
34 2757 
3178 
2782 
2212 
2983 
35 2757 
3178 
2782 
2212 
2983 
36 2757 
3178 
2782 
2212 
2983 
37 2757 
3178 
2782 
2983 
3186 
38 2757 
3178 
2782 
2983 
3186 
39 2757 
3178 
2782 
2983 
3186 
40 2757 
3178 
2782 
2983 
3186 
41 2757 
3178 
2782 
2983 
3186 
42 2757 
3178 
2782 
2983 
3186 
43 2757 
3178 
2782 
2983 
3186 
44 2757 
3178 
2782 
2983 
3186 
45 2757 
3178 
2782 
3186 
2983 
46 2757 
3178 
2782 
2983 
3186 
47 2757 
3178 
2782 
3186 
2983 
48 2757 
3178 
2782 
2983 
3186 
49 2757 
3178 
2782 
2983 
3186 
50 2757 
3178 
2782 
2983 
3186 
51 2757 
3178 
2782 
2212 
2983 
52 2757 
3178 
3186 
2983 
2782 
53 2757 
3178 
2782 
2983 
3186 
54 2757 
3178 
2782 
2983 
3186 
55 2757 
3178 
2782 
2983 
2212 
56 2757 
3178 
2782 
2983 
2212 
57 2757 
3178 
2782 
2983 
3186 
58 2757 
3178 
2782 
2983 
3186 
59 2757 
3178 
2782 
2983 
3186 
60 2757 
3178 
2782 
2983 
3186 
61 2757 
3178 
2782 
3186 
2983 
62 2757 
3178 
2782 
3186 
2983 
63 2757 
3178 
2782 
2983 
2212 
64 2757 
3178 
2782 
2983 
3186 
